function [gau_nod,gau_wei,kro_nod,kro_wei] = Gauss_Kronrod_pair_G7_K15()

% Gauss nodes & weights for [-1,1]
gau_nod = [
    -9.4910791234275852452618968404785126e-01
    -7.4153118559939443986386477328078841e-01
    -4.0584515137739716690660641207696146e-01
    0.0000000000000000000000000000000000e+00
    4.0584515137739716690660641207696146e-01
    7.4153118559939443986386477328078841e-01
    9.4910791234275852452618968404785126e-01]';


gau_wei = [
    1.2948496616886969327061143267908202e-01
    2.7970539148927666790146777142377958e-01
    3.8183005050511894495036977548897513e-01
    4.1795918367346938775510204081632653e-01
    2.7970539148927666790146777142377958e-01
    1.2948496616886969327061143267908202e-01]';

% Corresponding Kronrod nodes & weights for [-1,1]
kro_nod = [
    -9.9145537112081263920685469752632852e-01
    -9.4910791234275852452618968404785126e-01
    -8.6486442335976907278971278864092620e-01
    -7.4153118559939443986386477328078841e-01
    -5.8608723546769113029414483825872960e-01
    -4.0584515137739716690660641207696146e-01
    -2.0778495500789846760068940377324491e-01
    1.8367099231598242312011508394097589e-40
    2.0778495500789846760068940377324491e-01
    4.0584515137739716690660641207696146e-01
    5.8608723546769113029414483825872960e-01
    7.4153118559939443986386477328078841e-01
    8.6486442335976907278971278864092620e-01
    9.4910791234275852452618968404785126e-01
    9.9145537112081263920685469752632852e-01]';

kro_wei = [
    2.2935322010529224963732008058969592e-02
    6.3092092629978553290700663189204287e-02
    1.0479001032225018383987632254151802e-01
    1.4065325971552591874518959051023792e-01
    1.6900472663926790282658342659855028e-01
    1.9035057806478540991325640242101368e-01
    2.0443294007529889241416199923464908e-01
    2.0948214108472782801299917489171426e-01
    2.0443294007529889241416199923464908e-01
    1.9035057806478540991325640242101368e-01
    1.6900472663926790282658342659855028e-01
    1.4065325971552591874518959051023792e-01
    1.0479001032225018383987632254151802e-01
    6.3092092629978553290700663189204287e-02
    2.2935322010529224963732008058969592e-02]';




